psql < query1.sql
 store |    sales    
-------+-------------
    20 | 2.24904e+07
    33 | 2.62595e+06
(2 rows)

psql < query2.sql
 store 
-------
    34
    43
(2 rows)

psql < query3.sql
 count 
-------
     8
(1 row)

psql < query4.sql
 months | type |     sum     |   contribution   
--------+------+-------------+------------------
      1 | A    | 2.14176e+08 | 4.94517274200916
      2 | A    | 3.66506e+08 | 8.46237763762474
      3 | A    | 3.80773e+08 |   8.791783452034
      4 | A    | 4.16181e+08 | 9.60933044552803
      5 | A    | 3.59085e+08 | 8.29102694988251
      6 | A    | 3.99448e+08 | 9.22297462821007
      7 | A    | 4.17243e+08 | 9.63384658098221
      8 | A    | 3.94862e+08 |   9.117092192173
      9 | A    | 3.73119e+08 | 8.61504897475243
     10 | A    | 3.77133e+08 | 8.70773121714592
     11 | A    | 2.64721e+08 | 6.11222237348557
     12 | A    | 3.67763e+08 | 8.49139615893364
      1 | B    | 9.54465e+07 | 4.77065369486809
      2 | B    | 1.67672e+08 | 8.38064625859261
      3 | B    | 1.75136e+08 |  8.7537482380867
      4 | B    |  1.9088e+08 | 9.54067409038544
      5 | B    | 1.63456e+08 | 8.16993340849876
      6 | B    | 1.86362e+08 | 9.31484028697014
      7 | B    | 1.93743e+08 | 9.68378409743309
      8 | B    | 1.81505e+08 |  9.0720571577549
      9 | B    | 1.68954e+08 |  8.4447517991066
     10 | B    | 1.70604e+08 | 8.52721557021141
     11 | B    | 1.25546e+08 | 6.27508610486984
     12 | B    | 1.81396e+08 | 9.06661078333855
      1 | C    | 2.29758e+07 |  5.6660033762455
      2 | C    | 3.45485e+07 | 8.51990208029747
      3 | C    | 3.68753e+07 | 9.09371823072433
      4 | C    | 3.97991e+07 | 9.81473103165627
      5 | C    | 3.45833e+07 | 8.52850079536438
      6 | C    | 3.68194e+07 | 9.07992422580719
      7 | C    | 3.90144e+07 | 9.62123870849609
      8 | C    | 3.67215e+07 | 9.05578285455704
      9 | C    | 3.66885e+07 | 9.04765576124191
     10 | C    | 3.70491e+07 | 9.13656055927277
     11 | C    | 2.27486e+07 | 5.60997501015663
     12 | C    | 2.76796e+07 |  6.8259984254837
(36 rows)

psql < query5.sql
 store 
-------
(0 rows)

psql < query6.sql
   attributename   |       corrvalue       | corrsign 
-------------------+-----------------------+----------
 Unemployment rate |   -0.0258637151104456 | -
 CPI               |   -0.0209213356051743 | -
 Fuel price        | -0.000120295860528548 | -
 Temperature       |  -0.00231244659998809 | -
(4 rows)

psql < query7.sql
 dept |        avg         
------+--------------------
   92 | 0.0730967372241947
   40 |  0.044197305623028
   72 | 0.0420093149509689
   95 | 0.0695250807536973
   91 | 0.0313699988182634
   90 | 0.0449520758560134
   93 | 0.0254024096130749
    2 | 0.0410644158307049
   38 | 0.0727544370624754
   94 | 0.0304081379891917
(10 rows)

psql < query8.sql
 dept |    normsales     
------+------------------
   92 |  4128.3529646684
   38 | 4080.21092167347
   95 | 3879.83510981015
   90 | 2567.52581960705
   40 | 2400.34803248354
    2 |  2232.7293449038
   72 | 2191.77411398938
   91 | 1791.72822204874
   94 | 1747.77834808637
   13 | 1620.50958705405
(10 rows)

psql < query9.sql
 dept |  yr  | mo | monthlysales | contribution | cumulative_sales 
------+------+----+--------------+--------------+------------------
    2 | 2010 |  2 |  7.65827e+06 |         2.73 |       7658270.00
    2 | 2010 |  3 |  7.54055e+06 |         2.69 |      15198800.00
    2 | 2010 |  4 |  9.65966e+06 |         3.44 |      24858500.00
    2 | 2010 |  5 |  7.75584e+06 |         2.76 |      32614300.00
    2 | 2010 |  6 |  8.02598e+06 |         2.86 |      40640300.00
    2 | 2010 |  7 |  1.02527e+07 |         3.65 |      50893000.00
    2 | 2010 |  8 |   8.4787e+06 |         3.02 |      59371700.00
    2 | 2010 |  9 |  7.87961e+06 |         2.81 |      67251300.00
    2 | 2010 | 10 |  9.30876e+06 |         3.32 |      76560000.00
    2 | 2010 | 11 |  7.34734e+06 |         2.62 |      83907400.00
    2 | 2010 | 12 |  1.01456e+07 |         3.62 |      94052900.00
    2 | 2011 |  1 |  6.95842e+06 |         2.48 |     101011000.00
    2 | 2011 |  2 |  7.67793e+06 |         2.74 |     108689000.00
    2 | 2011 |  3 |   7.7278e+06 |         2.75 |     116417000.00
    2 | 2011 |  4 |  9.48167e+06 |         3.38 |     125899000.00
    2 | 2011 |  5 |  7.57876e+06 |         2.70 |     133478000.00
    2 | 2011 |  6 |  7.87535e+06 |         2.81 |     141353000.00
    2 | 2011 |  7 |   1.0047e+07 |         3.58 |     151400000.00
    2 | 2011 |  8 |  8.36834e+06 |         2.98 |     159768000.00
    2 | 2011 |  9 |  9.68926e+06 |         3.45 |     169458000.00
    2 | 2011 | 10 |  7.57475e+06 |         2.70 |     177032000.00
    2 | 2011 | 11 |  7.61872e+06 |         2.72 |     184651000.00
    2 | 2011 | 12 |  1.09072e+07 |         3.89 |     195558000.00
    2 | 2012 |  1 |   7.3865e+06 |         2.63 |     202945000.00
    2 | 2012 |  2 |  8.05679e+06 |         2.87 |     211001000.00
    2 | 2012 |  3 |  9.90513e+06 |         3.53 |     220907000.00
    2 | 2012 |  4 |  7.82793e+06 |         2.79 |     228735000.00
    2 | 2012 |  5 |  7.82149e+06 |         2.79 |     236556000.00
    2 | 2012 |  6 |  1.01336e+07 |         3.61 |     246690000.00
    2 | 2012 |  7 |  8.09828e+06 |         2.89 |     254788000.00
    2 | 2012 |  8 |  1.04932e+07 |         3.74 |     265281000.00
    2 | 2012 |  9 |   7.7355e+06 |         2.76 |     273017000.00
    2 | 2012 | 10 |  7.59459e+06 |         2.71 |     280611000.00
   13 | 2010 |  2 |  5.64529e+06 |         2.86 |       5645290.00
   13 | 2010 |  3 |  5.56626e+06 |         2.82 |      11211600.00
   13 | 2010 |  4 |  7.02532e+06 |         3.56 |      18236900.00
   13 | 2010 |  5 |  5.52289e+06 |         2.80 |      23759800.00
   13 | 2010 |  6 |  5.67047e+06 |         2.87 |      29430200.00
   13 | 2010 |  7 |  7.18142e+06 |         3.64 |      36611600.00
   13 | 2010 |  8 |  5.88551e+06 |         2.98 |      42497200.00
   13 | 2010 |  9 |  5.92389e+06 |         3.00 |      48421000.00
   13 | 2010 | 10 |  7.01245e+06 |         3.55 |      55433500.00
   13 | 2010 | 11 |  5.49522e+06 |         2.78 |      60928700.00
   13 | 2010 | 12 |   6.3539e+06 |         3.22 |      67282600.00
   13 | 2011 |  1 |  5.24162e+06 |         2.66 |      72524200.00
   13 | 2011 |  2 |  5.47062e+06 |         2.77 |      77994800.00
   13 | 2011 |  3 |  5.51931e+06 |         2.80 |      83514200.00
   13 | 2011 |  4 |  6.57223e+06 |         3.33 |      90086400.00
   13 | 2011 |  5 |  5.28926e+06 |         2.68 |      95375600.00
   13 | 2011 |  6 |  5.32507e+06 |         2.70 |     100701000.00
   13 | 2011 |  7 |  6.80907e+06 |         3.45 |     107510000.00
   13 | 2011 |  8 |  5.79801e+06 |         2.94 |     113308000.00
   13 | 2011 |  9 |  7.08973e+06 |         3.59 |     120398000.00
   13 | 2011 | 10 |  5.61205e+06 |         2.84 |     126010000.00
   13 | 2011 | 11 |  5.42716e+06 |         2.75 |     131437000.00
   13 | 2011 | 12 |  6.37403e+06 |         3.23 |     137811000.00
   13 | 2012 |  1 |  5.28424e+06 |         2.68 |     143095000.00
   13 | 2012 |  2 |  5.49563e+06 |         2.79 |     148591000.00
   13 | 2012 |  3 |  6.91267e+06 |         3.50 |     155503000.00
   13 | 2012 |  4 |  5.41154e+06 |         2.74 |     160915000.00
   13 | 2012 |  5 |  5.38026e+06 |         2.73 |     166295000.00
   13 | 2012 |  6 |  6.84636e+06 |         3.47 |     173141000.00
   13 | 2012 |  7 |  5.51777e+06 |         2.80 |     178659000.00
   13 | 2012 |  8 |  7.37295e+06 |         3.74 |     186032000.00
   13 | 2012 |  9 |  5.70308e+06 |         2.89 |     191735000.00
   13 | 2012 | 10 |   5.5863e+06 |         2.83 |     197322000.00
   38 | 2010 |  2 |  1.11795e+07 |         2.84 |      11179500.00
   38 | 2010 |  3 |  1.12337e+07 |         2.86 |      22413100.00
   38 | 2010 |  4 |  1.37932e+07 |         3.51 |      36206400.00
   38 | 2010 |  5 |  1.09427e+07 |         2.78 |      47149000.00
   38 | 2010 |  6 |  1.04049e+07 |         2.65 |      57554000.00
   38 | 2010 |  7 |  1.30943e+07 |         3.33 |      70648300.00
   38 | 2010 |  8 |  1.04905e+07 |         2.67 |      81138800.00
   38 | 2010 |  9 |  1.06222e+07 |         2.70 |      91761000.00
   38 | 2010 | 10 |  1.33697e+07 |         3.40 |     105131000.00
   38 | 2010 | 11 |  1.02849e+07 |         2.62 |     115416000.00
   38 | 2010 | 12 |  1.34397e+07 |         3.42 |     128855000.00
   38 | 2011 |  1 |  1.15797e+07 |         2.95 |     140435000.00
   38 | 2011 |  2 |  1.12564e+07 |         2.86 |     151691000.00
   38 | 2011 |  3 |  1.11945e+07 |         2.85 |     162886000.00
   38 | 2011 |  4 |  1.38263e+07 |         3.52 |     176712000.00
   38 | 2011 |  5 |  1.10721e+07 |         2.82 |     187784000.00
   38 | 2011 |  6 |  1.07252e+07 |         2.73 |     198509000.00
   38 | 2011 |  7 |  1.33071e+07 |         3.39 |     211817000.00
   38 | 2011 |  8 |  1.08415e+07 |         2.76 |     222658000.00
   38 | 2011 |  9 |  1.36633e+07 |         3.48 |     236321000.00
   38 | 2011 | 10 |  1.09696e+07 |         2.79 |     247291000.00
   38 | 2011 | 11 |  1.07719e+07 |         2.74 |     258063000.00
   38 | 2011 | 12 |  1.40536e+07 |         3.57 |     272117000.00
   38 | 2012 |  1 |  1.18824e+07 |         3.02 |     283999000.00
   38 | 2012 |  2 |  1.18559e+07 |         3.02 |     295855000.00
   38 | 2012 |  3 |  1.48366e+07 |         3.77 |     310691000.00
   38 | 2012 |  4 |  1.17145e+07 |         2.98 |     322406000.00
   38 | 2012 |  5 |  1.15423e+07 |         2.94 |     333948000.00
   38 | 2012 |  6 |  1.34352e+07 |         3.42 |     347383000.00
   38 | 2012 |  7 |  1.09075e+07 |         2.77 |     358291000.00
   38 | 2012 |  8 |  1.33944e+07 |         3.41 |     371685000.00
   38 | 2012 |  9 |  1.07215e+07 |         2.73 |     382407000.00
   38 | 2012 | 10 |  1.07114e+07 |         2.72 |     393118000.00
   40 | 2010 |  2 |  8.52441e+06 |         2.95 |       8524410.00
   40 | 2010 |  3 |  8.38079e+06 |         2.90 |      16905200.00
   40 | 2010 |  4 |  1.01998e+07 |         3.53 |      27105000.00
   40 | 2010 |  5 |  7.96306e+06 |         2.76 |      35068100.00
   40 | 2010 |  6 |  7.87807e+06 |         2.73 |      42946100.00
   40 | 2010 |  7 |  9.79128e+06 |         3.39 |      52737400.00
   40 | 2010 |  8 |   7.7829e+06 |         2.69 |      60520300.00
   40 | 2010 |  9 |  7.96123e+06 |         2.76 |      68481500.00
   40 | 2010 | 10 |  9.82889e+06 |         3.40 |      78310400.00
   40 | 2010 | 11 |  7.81968e+06 |         2.71 |      86130100.00
   40 | 2010 | 12 |   1.0285e+07 |         3.56 |      96415100.00
   40 | 2011 |  1 |  8.17897e+06 |         2.83 |     104594000.00
   40 | 2011 |  2 |  8.47388e+06 |         2.93 |     113068000.00
   40 | 2011 |  3 |  8.34588e+06 |         2.89 |     121414000.00
   40 | 2011 |  4 |  9.85419e+06 |         3.41 |     131268000.00
   40 | 2011 |  5 |  7.84616e+06 |         2.72 |     139114000.00
   40 | 2011 |  6 |  7.71434e+06 |         2.67 |     146828000.00
   40 | 2011 |  7 |   9.4807e+06 |         3.28 |     156309000.00
   40 | 2011 |  8 |  7.75657e+06 |         2.68 |     164066000.00
   40 | 2011 |  9 |  9.73334e+06 |         3.37 |     173799000.00
   40 | 2011 | 10 |  7.88579e+06 |         2.73 |     181685000.00
   40 | 2011 | 11 |   7.8092e+06 |         2.70 |     189494000.00
   40 | 2011 | 12 |  1.02426e+07 |         3.54 |     199737000.00
   40 | 2012 |  1 |  8.48464e+06 |         2.94 |     208221000.00
   40 | 2012 |  2 |  8.71151e+06 |         3.02 |     216933000.00
   40 | 2012 |  3 |  1.07387e+07 |         3.72 |     227672000.00
   40 | 2012 |  4 |  8.30986e+06 |         2.88 |     235981000.00
   40 | 2012 |  5 |  8.13745e+06 |         2.82 |     244119000.00
   40 | 2012 |  6 |  1.00719e+07 |         3.49 |     254191000.00
   40 | 2012 |  7 |  7.96185e+06 |         2.76 |     262153000.00
   40 | 2012 |  8 |  1.02882e+07 |         3.56 |     272441000.00
   40 | 2012 |  9 |  8.31848e+06 |         2.88 |     280759000.00
   40 | 2012 | 10 |   8.1767e+06 |         2.83 |     288936000.00
   72 | 2010 |  2 |  1.20822e+07 |         3.95 |      12082200.00
   72 | 2010 |  3 |  8.70933e+06 |         2.85 |      20791600.00
   72 | 2010 |  4 |  8.99011e+06 |         2.94 |      29781700.00
   72 | 2010 |  5 |  6.71211e+06 |         2.20 |      36493800.00
   72 | 2010 |  6 |  7.16458e+06 |         2.34 |      43658400.00
   72 | 2010 |  7 |   8.9088e+06 |         2.91 |      52567200.00
   72 | 2010 |  8 |  7.97261e+06 |         2.61 |      60539800.00
   72 | 2010 |  9 |  7.48954e+06 |         2.45 |      68029300.00
   72 | 2010 | 10 |  8.22896e+06 |         2.69 |      76258300.00
   72 | 2010 | 11 |  1.65298e+07 |         5.41 |      92788100.00
   72 | 2010 | 12 |   1.7721e+07 |         5.80 |     110509000.00
   72 | 2011 |  1 |  7.34731e+06 |         2.40 |     117856000.00
   72 | 2011 |  2 |  1.10757e+07 |         3.62 |     128932000.00
   72 | 2011 |  3 |   8.6788e+06 |         2.84 |     137611000.00
   72 | 2011 |  4 |  8.93612e+06 |         2.92 |     146547000.00
   72 | 2011 |  5 |  6.57006e+06 |         2.15 |     153117000.00
   72 | 2011 |  6 |  6.86284e+06 |         2.24 |     159980000.00
   72 | 2011 |  7 |  8.20751e+06 |         2.68 |     168187000.00
   72 | 2011 |  8 |  7.45106e+06 |         2.44 |     175639000.00
   72 | 2011 |  9 |  8.87224e+06 |         2.90 |     184511000.00
   72 | 2011 | 10 |  8.17915e+06 |         2.68 |     192690000.00
   72 | 2011 | 11 |  1.71035e+07 |         5.59 |     209793000.00
   72 | 2011 | 12 |  1.56241e+07 |         5.11 |     225418000.00
   72 | 2012 |  1 |  7.03420e+06 |         2.30 |     232452000.00
   72 | 2012 |  2 |  1.09624e+07 |         3.59 |     243414000.00
   72 | 2012 |  3 |  9.77468e+06 |         3.20 |     253189000.00
   72 | 2012 |  4 |  6.75555e+06 |         2.21 |     259944000.00
   72 | 2012 |  5 |  6.52028e+06 |         2.13 |     266465000.00
   72 | 2012 |  6 |  8.32935e+06 |         2.72 |     274794000.00
   72 | 2012 |  7 |  6.54923e+06 |         2.14 |     281343000.00
   72 | 2012 |  8 |  8.97167e+06 |         2.93 |     290315000.00
   72 | 2012 |  9 |  7.84914e+06 |         2.57 |     298164000.00
   72 | 2012 | 10 |  7.56108e+06 |         2.47 |     305725000.00
   90 | 2010 |  2 |  8.14159e+06 |         2.80 |       8141590.00
   90 | 2010 |  3 |  7.73044e+06 |         2.66 |      15872000.00
   90 | 2010 |  4 |  9.44266e+06 |         3.24 |      25314700.00
   90 | 2010 |  5 |  7.47914e+06 |         2.57 |      32793800.00
   90 | 2010 |  6 |  7.56419e+06 |         2.60 |      40358000.00
   90 | 2010 |  7 |  9.42553e+06 |         3.24 |      49783600.00
   90 | 2010 |  8 |  7.66945e+06 |         2.63 |      57453000.00
   90 | 2010 |  9 |  7.77898e+06 |         2.67 |      65232000.00
   90 | 2010 | 10 |  9.47428e+06 |         3.25 |      74706300.00
   90 | 2010 | 11 |  8.24013e+06 |         2.83 |      82946400.00
   90 | 2010 | 12 |  1.04585e+07 |         3.59 |      93404900.00
   90 | 2011 |  1 |  8.01115e+06 |         2.75 |     101416000.00
   90 | 2011 |  2 |   8.2317e+06 |         2.83 |     109648000.00
   90 | 2011 |  3 |  8.00934e+06 |         2.75 |     117657000.00
   90 | 2011 |  4 |  9.99981e+06 |         3.44 |     127657000.00
   90 | 2011 |  5 |  7.87249e+06 |         2.70 |     135529000.00
   90 | 2011 |  6 |  7.92036e+06 |         2.72 |     143450000.00
   90 | 2011 |  7 |  9.96386e+06 |         3.42 |     153414000.00
   90 | 2011 |  8 |  8.40935e+06 |         2.89 |     161823000.00
   90 | 2011 |  9 |  1.04609e+07 |         3.59 |     172284000.00
   90 | 2011 | 10 |  8.62699e+06 |         2.96 |     180911000.00
   90 | 2011 | 11 |  9.09902e+06 |         3.13 |     190010000.00
   90 | 2011 | 12 |  1.13432e+07 |         3.90 |     201353000.00
   90 | 2012 |  1 |  8.68354e+06 |         2.98 |     210037000.00
   90 | 2012 |  2 |  8.73403e+06 |         3.00 |     218771000.00
   90 | 2012 |  3 |  1.04443e+07 |         3.59 |     229215000.00
   90 | 2012 |  4 |    8.365e+06 |         2.87 |     237580000.00
   90 | 2012 |  5 |  8.13103e+06 |         2.79 |     245711000.00
   90 | 2012 |  6 |  1.00372e+07 |         3.45 |     255748000.00
   90 | 2012 |  7 |  8.07985e+06 |         2.78 |     263828000.00
   90 | 2012 |  8 |  1.02645e+07 |         3.53 |     274093000.00
   90 | 2012 |  9 |  8.36448e+06 |         2.87 |     282457000.00
   90 | 2012 | 10 |  8.61142e+06 |         2.96 |     291069000.00
   91 | 2010 |  2 |   6.3912e+06 |         2.95 |       6391200.00
   91 | 2010 |  3 |  6.06825e+06 |         2.80 |      12459500.00
   91 | 2010 |  4 |  7.36948e+06 |         3.40 |      19828900.00
   91 | 2010 |  5 |  5.98476e+06 |         2.76 |      25813700.00
   91 | 2010 |  6 |  6.08196e+06 |         2.81 |      31895700.00
   91 | 2010 |  7 |  7.38101e+06 |         3.40 |      39276700.00
   91 | 2010 |  8 |  5.99738e+06 |         2.77 |      45274000.00
   91 | 2010 |  9 |  5.94827e+06 |         2.74 |      51222300.00
   91 | 2010 | 10 |  7.22262e+06 |         3.33 |      58444900.00
   91 | 2010 | 11 |  5.87032e+06 |         2.71 |      64315200.00
   91 | 2010 | 12 |  7.11012e+06 |         3.28 |      71425400.00
   91 | 2011 |  1 |  6.25228e+06 |         2.88 |      77677700.00
   91 | 2011 |  2 |  6.45958e+06 |         2.98 |      84137200.00
   91 | 2011 |  3 |  6.21743e+06 |         2.87 |      90354700.00
   91 | 2011 |  4 |  7.46758e+06 |         3.44 |      97822200.00
   91 | 2011 |  5 |  5.96789e+06 |         2.75 |     103790000.00
   91 | 2011 |  6 |  6.04301e+06 |         2.79 |     109833000.00
   91 | 2011 |  7 |   7.4311e+06 |         3.43 |     117264000.00
   91 | 2011 |  8 |  6.15673e+06 |         2.84 |     123421000.00
   91 | 2011 |  9 |  7.39972e+06 |         3.41 |     130821000.00
   91 | 2011 | 10 |  6.18522e+06 |         2.85 |     137006000.00
   91 | 2011 | 11 |  6.04425e+06 |         2.79 |     143050000.00
   91 | 2011 | 12 |  7.24338e+06 |         3.34 |     150294000.00
   91 | 2012 |  1 |  6.36141e+06 |         2.93 |     156655000.00
   91 | 2012 |  2 |  6.52104e+06 |         3.01 |     163176000.00
   91 | 2012 |  3 |  7.73585e+06 |         3.57 |     170912000.00
   91 | 2012 |  4 |  6.18644e+06 |         2.85 |     177098000.00
   91 | 2012 |  5 |  6.16802e+06 |         2.85 |     183266000.00
   91 | 2012 |  6 |  7.63295e+06 |         3.52 |     190899000.00
   91 | 2012 |  7 |  6.13601e+06 |         2.83 |     197035000.00
   91 | 2012 |  8 |  7.59761e+06 |         3.50 |     204633000.00
   91 | 2012 |  9 |  6.05511e+06 |         2.79 |     210688000.00
   91 | 2012 | 10 |  6.09374e+06 |         2.81 |     216782000.00
   92 | 2010 |  2 |  1.37422e+07 |         2.84 |      13742200.00
   92 | 2010 |  3 |  1.29053e+07 |         2.67 |      26647500.00
   92 | 2010 |  4 |  1.54929e+07 |         3.20 |      42140400.00
   92 | 2010 |  5 |  1.24682e+07 |         2.58 |      54608600.00
   92 | 2010 |  6 |  1.24379e+07 |         2.57 |      67046500.00
   92 | 2010 |  7 |  1.52096e+07 |         3.14 |      82256100.00
   92 | 2010 |  8 |  1.26443e+07 |         2.61 |      94900400.00
   92 | 2010 |  9 |  1.27938e+07 |         2.64 |     107694000.00
   92 | 2010 | 10 |  1.58516e+07 |         3.28 |     123546000.00
   92 | 2010 | 11 |  1.47951e+07 |         3.06 |     138341000.00
   92 | 2010 | 12 |  1.74966e+07 |         3.62 |     155838000.00
   92 | 2011 |  1 |   1.3296e+07 |         2.75 |     169134000.00
   92 | 2011 |  2 |  1.36003e+07 |         2.81 |     182734000.00
   92 | 2011 |  3 |  1.31152e+07 |         2.71 |     195849000.00
   92 | 2011 |  4 |  1.58471e+07 |         3.27 |     211696000.00
   92 | 2011 |  5 |  1.26127e+07 |         2.61 |     224309000.00
   92 | 2011 |  6 |  1.26188e+07 |         2.61 |     236928000.00
   92 | 2011 |  7 |  1.57956e+07 |         3.26 |     252723000.00
   92 | 2011 |  8 |  1.34907e+07 |         2.79 |     266214000.00
   92 | 2011 |  9 |  1.66898e+07 |         3.45 |     282904000.00
   92 | 2011 | 10 |  1.42176e+07 |         2.94 |     297121000.00
   92 | 2011 | 11 |  1.60298e+07 |         3.31 |     313151000.00
   92 | 2011 | 12 |  1.91627e+07 |         3.96 |     332314000.00
   92 | 2012 |  1 |  1.45358e+07 |         3.00 |     346850000.00
   92 | 2012 |  2 |  1.47615e+07 |         3.05 |     361611000.00
   92 | 2012 |  3 |  1.74527e+07 |         3.61 |     379064000.00
   92 | 2012 |  4 |  1.39546e+07 |         2.88 |     393018000.00
   92 | 2012 |  5 |  1.37847e+07 |         2.85 |     406803000.00
   92 | 2012 |  6 |  1.69522e+07 |         3.50 |     423755000.00
   92 | 2012 |  7 |  1.37369e+07 |         2.84 |     437492000.00
   92 | 2012 |  8 |   1.7427e+07 |         3.60 |     454919000.00
   92 | 2012 |  9 |  1.42476e+07 |         2.94 |     469167000.00
   92 | 2012 | 10 |  1.47765e+07 |         3.05 |     483943000.00
   94 | 2010 |  2 |   5.3439e+06 |         2.81 |       5343900.00
   94 | 2010 |  3 |  5.15981e+06 |         2.72 |      10503700.00
   94 | 2010 |  4 |  6.87592e+06 |         3.62 |      17379600.00
   94 | 2010 |  5 |   5.9833e+06 |         3.15 |      23362900.00
   94 | 2010 |  6 |  5.87624e+06 |         3.09 |      29239200.00
   94 | 2010 |  7 |  7.05233e+06 |         3.71 |      36291500.00
   94 | 2010 |  8 |  5.36543e+06 |         2.83 |      41656900.00
   94 | 2010 |  9 |  4.97061e+06 |         2.62 |      46627500.00
   94 | 2010 | 10 |  5.90499e+06 |         3.11 |      52532500.00
   94 | 2010 | 11 |   4.6818e+06 |         2.47 |      57214300.00
   94 | 2010 | 12 |  5.53329e+06 |         2.91 |      62747600.00
   94 | 2011 |  1 |  4.75663e+06 |         2.50 |      67504200.00
   94 | 2011 |  2 |  5.48069e+06 |         2.89 |      72984900.00
   94 | 2011 |  3 |  5.30009e+06 |         2.79 |      78285000.00
   94 | 2011 |  4 |   6.9232e+06 |         3.65 |      85208200.00
   94 | 2011 |  5 |  5.97068e+06 |         3.14 |      91178900.00
   94 | 2011 |  6 |  5.71881e+06 |         3.01 |      96897700.00
   94 | 2011 |  7 |  7.07389e+06 |         3.72 |     103972000.00
   94 | 2011 |  8 |  5.69724e+06 |         3.00 |     109669000.00
   94 | 2011 |  9 |  6.35887e+06 |         3.35 |     116028000.00
   94 | 2011 | 10 |  4.99298e+06 |         2.63 |     121021000.00
   94 | 2011 | 11 |  4.84368e+06 |         2.55 |     125864000.00
   94 | 2011 | 12 |  5.68341e+06 |         2.99 |     131548000.00
   94 | 2012 |  1 |  5.02844e+06 |         2.65 |     136576000.00
   94 | 2012 |  2 |  5.49745e+06 |         2.89 |     142074000.00
   94 | 2012 |  3 |  6.32716e+06 |         3.33 |     148401000.00
   94 | 2012 |  4 |  5.39869e+06 |         2.84 |     153800000.00
   94 | 2012 |  5 |  5.90855e+06 |         3.11 |     159708000.00
   94 | 2012 |  6 |  7.23916e+06 |         3.81 |     166947000.00
   94 | 2012 |  7 |  5.77194e+06 |         3.04 |     172719000.00
   94 | 2012 |  8 |  6.78573e+06 |         3.57 |     179505000.00
   94 | 2012 |  9 |  5.16349e+06 |         2.72 |     184668000.00
   94 | 2012 | 10 |  5.24407e+06 |         2.76 |     189912000.00
   95 | 2010 |  2 |  1.17501e+07 |         2.62 |      11750100.00
   95 | 2010 |  3 |  1.18664e+07 |         2.64 |      23616500.00
   95 | 2010 |  4 |  1.56001e+07 |         3.47 |      39216600.00
   95 | 2010 |  5 |  1.33795e+07 |         2.98 |      52596100.00
   95 | 2010 |  6 |  1.41455e+07 |         3.15 |      66741600.00
   95 | 2010 |  7 |  1.70078e+07 |         3.79 |      83749400.00
   95 | 2010 |  8 |  1.33169e+07 |         2.96 |      97066300.00
   95 | 2010 |  9 |  1.26549e+07 |         2.82 |     109721000.00
   95 | 2010 | 10 |  1.46903e+07 |         3.27 |     124412000.00
   95 | 2010 | 11 |  1.12816e+07 |         2.51 |     135693000.00
   95 | 2010 | 12 |  1.41653e+07 |         3.15 |     149858000.00
   95 | 2011 |  1 |  1.12333e+07 |         2.50 |     161092000.00
   95 | 2011 |  2 |  1.19165e+07 |         2.65 |     173008000.00
   95 | 2011 |  3 |  1.20414e+07 |         2.68 |     185050000.00
   95 | 2011 |  4 |  1.48977e+07 |         3.32 |     199947000.00
   95 | 2011 |  5 |  1.26394e+07 |         2.81 |     212587000.00
   95 | 2011 |  6 |  1.36431e+07 |         3.04 |     226230000.00
   95 | 2011 |  7 |  1.70495e+07 |         3.79 |     243279000.00
   95 | 2011 |  8 |  1.36392e+07 |         3.04 |     256919000.00
   95 | 2011 |  9 |  1.57936e+07 |         3.52 |     272712000.00
   95 | 2011 | 10 |  1.23242e+07 |         2.74 |     285036000.00
   95 | 2011 | 11 |   1.1769e+07 |         2.62 |     296805000.00
   95 | 2011 | 12 |   1.4623e+07 |         3.25 |     311428000.00
   95 | 2012 |  1 |  1.17186e+07 |         2.61 |     323147000.00
   95 | 2012 |  2 |   1.2146e+07 |         2.70 |     335293000.00
   95 | 2012 |  3 |  1.54477e+07 |         3.44 |     350741000.00
   95 | 2012 |  4 |  1.27086e+07 |         2.83 |     363449000.00
   95 | 2012 |  5 |  1.32109e+07 |         2.94 |     376660000.00
   95 | 2012 |  6 |  1.71354e+07 |         3.81 |     393796000.00
   95 | 2012 |  7 |  1.37155e+07 |         3.05 |     407511000.00
   95 | 2012 |  8 |  1.67642e+07 |         3.73 |     424275000.00
   95 | 2012 |  9 |  1.27289e+07 |         2.83 |     437004000.00
   95 | 2012 | 10 |   1.2316e+07 |         2.74 |     449320000.00
(330 rows)

psql < query10.sql
 year | quarters |   a_sale    |   b_sale    |   c_sale    
------+----------+-------------+-------------+-------------
 2010 |        1 | 2.38155e+08 | 1.11852e+08 | 2.22457e+07
 2010 |        2 | 3.90789e+08 |  1.8321e+08 | 3.63698e+07
 2010 |        3 | 3.82693e+08 | 1.78504e+08 | 3.62903e+07
 2010 |        4 | 4.53791e+08 | 2.16413e+08 |  3.8572e+07
 2010 |          | 1.46541e+09 | 6.89974e+08 | 1.33478e+08
 2011 |        1 |  3.4185e+08 | 1.53904e+08 | 3.36366e+07
 2011 |        2 | 3.85808e+08 | 1.75556e+08 | 3.65837e+07
 2011 |        3 | 4.13364e+08 | 1.87496e+08 | 3.84974e+07
 2011 |        4 | 4.37184e+08 | 2.07162e+08 | 3.71553e+07
 2011 |          | 1.57819e+09 | 7.24116e+08 | 1.45873e+08
 2012 |        1 |  3.8145e+08 | 1.72499e+08 | 3.85173e+07
 2012 |        2 | 3.98116e+08 | 1.81932e+08 | 3.82482e+07
 2012 |        3 | 3.89168e+08 | 1.78202e+08 | 3.76368e+07
 2012 |        4 |  1.1864e+08 | 5.39716e+07 | 1.17501e+07
 2012 |          | 1.28736e+09 | 5.86601e+08 | 1.26152e+08
(15 rows)